7403
2782
3840
4306
2860
7310
4245
0149
9701
6661
0906
0226
9716
6501
6545
0596
8043
7858
0281
3315
8955
8449
5623
3815
7683
4835
5672
6986
9750
1931
2082
5087
5712
7513
1034
1128
9567
7873
6158
2661
2903
0502
9091
6572
6980
9717
2684
2609
8260
7019
1901
4695
9960
1960
4737
6522
4972
9255
6825
6032
3044
7323
3889
5002
9680
7892
9366
2669
3420
5823
4838
7088
2358
5155
0995
1776
7136
9464
3036
4587
4168
8275
8436
4682
1902
0706
1912
7393
5003
1295
3399
8696
0194
7022
5479
4761
4499
2082
4586
5099
3084
8433
8627
3098
2679
0743
8302
1356
6825
7501
4260
1941
8414
4518
7972
7033
3161
9945
0330
6154
8296
5247
3793
8297
8921
0666
4087
5493
5801
6040
7984
7169
4581
6709
2554
9992
3959
6888
4287
