6396212027629088827
6396212027378612884
6396212027276017145
6396212027490226126
6396212027541391382
6396212027304060570
6396212027788051731
6396212027564604703
6396212027693365341
6396212027346682670
6396212027855705680
6396212027427852846
6396212027213926424
6396212027106963211
6396212027053481605
6396212027026740806
6396212027013370401
6396212027006685203
6396212027003342600
6396212027001671307
6396212027000835655
6396212027000417827
6396212027539638471
6396212027733709961
6396212027568216637
6396212027651365903
6396212027325682956
6396212027657622083
6396212027531506999
6396212027265753494
6396212027611032510
6396212027305516257
6396212027152758127
6396212027847742791
6396212027423871394
6396212027211935690
6396212027899739182
6396212027991223911
6396212027495611959
6396212027247805974
6396212027123902986
6396212027973251641
6396212027799874303
6396212027399937153
6396212027199968572
6396212027099984281
6396212027819423628
6396212027794609647
6396212027777975957
6396212027655915661
6396212027327957836
6396212027804131723
6396212027842959861
6396212027531116104
6396212027881821857
6396212027924469185
6396212027749273929
6396212027517865245
6396212027523212929
6396212027261606464
6396212027130803235
6396212027583243749
6396212027635644951
6396212027317822479
6396212027614609587
6396212027307304793
6396212027757614915
6396212027596849235
6396212027841192241
6396212027420596127
6396212027840503752
6396212027541946987
6396212027752194046
6396212027376097021
6396212027976348303
6396212027982918180
6396212027491459098
6396212027245729549
6396212027122864773
6396212027061432384
6396212027030716198
6396212027633750412
6396212027982333315
6396212027491166651
6396212027245583326
6396212027934952113
6396212027598634890
6396212027539671407
6396212027269835701
6396212027134917858
6396212027658073633
6396212027707993187
6396212027353996591
6396212027814445089
6396212027407222549
6396212027203611275
