6396213030106237924
6396213030053118960
6396213030026559480
6396213030718467133
6396213030795170360
6396213030397585189
6396213030198792596
6396213030896468028
6396213030448234019
6396213030224117008
6396213030112058504
6396213030851862074
6396213030425931033
6396213030212965517
6396213030877584504
6396213030872127929
6396213030506723226
6396213030523320519
6396213030261660258
6396213030855645384
6396213030603035649
6396213030301517823
6396213030850046232
6396213030905143133
6396213030452571561
6396213030226285787
6396213030113142893
6396213030842961423
6396213030618206235
6396213030709086660
6396213030845134655
6396213030422567327
6396213030950695532
6396213030517889982
6396213030789042534
6396213030659354290
6396213030329677146
6396213030164838571
6396213030082419280
6396213030041209640
6396213030749736878
6396213030374868434
6396213030187434218
6396213030093717102
6396213030960604029
6396213030480302013
6396213030240151007
6396213030690086828
6396213030637772431
6396213030903964506
6396213030583586363
6396213030828952727
6396213030414476362
6396213030552286748
6396213030276143373
6396213030138071689
6396213030966329373
6396213030536942390
6396213030268471196
6396213030982015105
6396213030570568531
6396213030995270739
6396213030633927914
6396213030316963954
6396213030158481974
6396213030079240988
6396213030663650196
6396213030331825097
6396213030500514787
6396213030250257397
6396213030921546640
6396213030460773324
6396213030927881108
6396213030634228171
6396213030317114086
6396213030158557047
6396213030079278525
6396213030587357407
6396213030655767115
6396213030327883555
6396213030163941772
6396213030729080008
6396213030826119964
6396213030651124295
6396213030737870796
6396213030926010279
6396213030744715034
6396213030372357513
6396213030676906726
6396213030891454866
6396213030723485468
6396213030786608634
6396213030393304312
6396213030795472121
6396213030397736063
6396213030751434149
6396213030947198145
6396213030977735345
6396213030488867678
6396213030244433831
6396213030832626259
6396213030609044678
6396213030304522333
6396213030152261166
6396213030076130588
6396213030892747755
6396213030446373876
6396213030223186939
6396213030853890552
6396213030543079053
6396213030516901747
6396213030968969200
6396213030484484601
6396213030632174047
6396213030316087028
6396213030780252124
6396213030390126064
6396213030902823257
6396213030511373207
6396213030255686608
6396213030610229045
6396213030727615763
6396213030535874214
6396213030267937106
6396213030133968558
6396213030066984275
6396213030033492139
6396213030658654674
6396213030329327338
6396213030716463803
6396213030749856338
6396213030659989681
6396213030681400970
6396213030901181053
6396213030450590522
6396213030875377471
6396213030437688738
6396213030971832726
6396213030780623894
6396213030390311948
